10 15 -100
4.3 2.5 14 90 24 69 25 0 -2 -51.3
2 1 15 35 43 23 54 25 62 150
65 34 26 12 06 34 96 88 94 25
129 35 63 345 66 2 1 5.6 3.6 10.3
12.2 23.5 11.5 2 6 1 0 -5 -2 -134
-1 -23 -234 -234 -234 234 -234 -234 -34 -234
-1 -23 -234 -234 -234 234 -234 -234 -34 -234
12.2 23.5 11.5 2 6 1 0 -5 -2 -134
129 35 63 345 66 2 1 5.6 3.6 10.3
129 35 63 345 66 2 1 5.6 3.6 10.3
12.2 23.5 11.5 2 6 1 0 -5 -2 -134
-1 -23 -234 -234 -234 234 -234 -234 -34 -234
-1 -23 -234 -234 -234 234 -234 -234 -34 -234
12.2 23.5 11.5 2 6 1 0 -5 -2 -134
129 35 63 4345 66 2 1 5.6 3.6 10.3
8
5 7 4345
3 0 90
3 3 345
5 5 234
0 9 12.2
5 11 234
5 10 234
6 1 150
